92.9414331158712
56.14207422391959
42.31436372454266
33.95857261701252
28.338116287927114
24.134664764666503
20.84713625172425
18.112462141910918
15.764750892563752
13.715628506709225
11.938593128970325
10.39169545603576
9.040234500971792
7.86188150381733
6.836205050795252
5.94540178050248
5.170513317830936
4.496112417029688
3.9102580334916337
3.4000642306791087
2.9560066698165195
2.570009358987139
2.234556218801633
1.9427185006079477
1.6889532536789675
1.468330440730873
1.276544951129833
1.1097949839817156
0.9648229785961601
0.8387882925810107
0.7292173087625274
0.6339594730975455
0.5511494311172256
0.4791730613702033
0.41661837267475593
0.36220810868577
0.3148946572934601
0.27376000335542977
0.23799859102072626
0.20690868913151325
0.1798800764056671
0.15638222714239214
0.13595391625369257
0.11819416834107993
0.10275438751751884
0.08933151511283942
0.07766208115334161
0.06751703288562569
0.05869723884580595
0.05102958022988656
0.04436355284809175
0.038568312966110324
0.03353010904903934
0.029150048997244157
0.025342159049488656
0.02203169625238638
0.01915368137292948
0.016651623457436565
0.014476411002314938
0.012585347971670584
0.01094131574053327
0.009512044514174202